G:0.05123378706354442
A:0.05354884005253506
V:0.052550189743558705
C:0.012107878443073906
P:0.04328695157453866
L:0.0889343493339305
I:0.05863287798914195
M:0.02124704187673629
W:0.013657299528516006
F:0.04649776362855051
K:0.07148520484436187
R:0.049953698940220184
H:0.02268751929210824
S:0.0955738607820945
T:0.061377653232298164
Y:0.03922879986442566
N:0.05938640504046047
Q:0.03706505752831022
D:0.05813657904771127
E:0.06334771793273333
