S:0.7881342794108879
T:0.21186095045018186
TT:0.9524136533525465
TS:0.04731616157067591
SS:0.9846298173674893
ST:0.012749474193890057
