G:0.07633768251359353
A:0.08367762780173142
V:0.09823368494523185
C:0.0265341273683144
P:0.02883067466705693
L:0.15800020263652637
I:0.12874173974715464
M:0.031622555696900784
W:0.022560199934706007
F:0.10722849519864008
K:0.009197446779767868
R:0.005932747188418196
H:0.00771144558646388
S:0.0679507818392642
T:0.05232525413997681
Y:0.04142791205574756
N:0.020916592554233414
Q:0.013925632394826014
D:0.009096128516588052
E:0.009523916738902835
